A=[1+3i 2i 4;4+2i 1i 3+10i;4 9 1i];
b=[2+4i;4i;10-1i];
x=A\b;